{
 "cells": [
  {
   "cell_type": "code",
   "execution_count": 1,
   "metadata": {},
   "outputs": [],
   "source": [
    "import numpy as np\n",
    "import pandas as pd"
   ]
  },
  {
   "cell_type": "code",
   "execution_count": 2,
   "metadata": {},
   "outputs": [],
   "source": [
    "data = pd.read_excel('data_v7.xlsx')"
   ]
  },
  {
   "cell_type": "code",
   "execution_count": 3,
   "metadata": {},
   "outputs": [
    {
     "data": {
      "text/html": [
       "<div>\n",
       "<style scoped>\n",
       "    .dataframe tbody tr th:only-of-type {\n",
       "        vertical-align: middle;\n",
       "    }\n",
       "\n",
       "    .dataframe tbody tr th {\n",
       "        vertical-align: top;\n",
       "    }\n",
       "\n",
       "    .dataframe thead th {\n",
       "        text-align: right;\n",
       "    }\n",
       "</style>\n",
       "<table border=\"1\" class=\"dataframe\">\n",
       "  <thead>\n",
       "    <tr style=\"text-align: right;\">\n",
       "      <th></th>\n",
       "      <th>Unnamed: 0</th>\n",
       "      <th>locations_month</th>\n",
       "      <th>maxtempC</th>\n",
       "      <th>mintempC</th>\n",
       "      <th>avgtempC</th>\n",
       "      <th>sunHour</th>\n",
       "      <th>uvIndex</th>\n",
       "      <th>humidity</th>\n",
       "      <th>visibility</th>\n",
       "      <th>visibilityMiles</th>\n",
       "      <th>...</th>\n",
       "      <th>cloudcover</th>\n",
       "      <th>HeatIndexC</th>\n",
       "      <th>DewPointC</th>\n",
       "      <th>WindChillC</th>\n",
       "      <th>FeelsLikeC</th>\n",
       "      <th>rainFall</th>\n",
       "      <th>rainDays</th>\n",
       "      <th>date</th>\n",
       "      <th>locations</th>\n",
       "      <th>label</th>\n",
       "    </tr>\n",
       "  </thead>\n",
       "  <tbody>\n",
       "    <tr>\n",
       "      <th>0</th>\n",
       "      <td>0</td>\n",
       "      <td>barisal2015-1</td>\n",
       "      <td>26.0</td>\n",
       "      <td>17.0</td>\n",
       "      <td>21.0</td>\n",
       "      <td>8.70</td>\n",
       "      <td>6.0</td>\n",
       "      <td>53.0</td>\n",
       "      <td>10.0</td>\n",
       "      <td>6.0</td>\n",
       "      <td>...</td>\n",
       "      <td>1.5</td>\n",
       "      <td>24.0</td>\n",
       "      <td>13.0</td>\n",
       "      <td>23.0</td>\n",
       "      <td>23.0</td>\n",
       "      <td>10.17</td>\n",
       "      <td>3.0</td>\n",
       "      <td>2015-1</td>\n",
       "      <td>barisal</td>\n",
       "      <td>0</td>\n",
       "    </tr>\n",
       "    <tr>\n",
       "      <th>1</th>\n",
       "      <td>1</td>\n",
       "      <td>barisal2015-2</td>\n",
       "      <td>28.0</td>\n",
       "      <td>19.0</td>\n",
       "      <td>23.0</td>\n",
       "      <td>8.70</td>\n",
       "      <td>6.0</td>\n",
       "      <td>55.5</td>\n",
       "      <td>10.0</td>\n",
       "      <td>6.0</td>\n",
       "      <td>...</td>\n",
       "      <td>9.5</td>\n",
       "      <td>26.0</td>\n",
       "      <td>14.0</td>\n",
       "      <td>25.0</td>\n",
       "      <td>26.0</td>\n",
       "      <td>2.26</td>\n",
       "      <td>3.0</td>\n",
       "      <td>2015-2</td>\n",
       "      <td>barisal</td>\n",
       "      <td>0</td>\n",
       "    </tr>\n",
       "    <tr>\n",
       "      <th>2</th>\n",
       "      <td>2</td>\n",
       "      <td>barisal2015-3</td>\n",
       "      <td>33.0</td>\n",
       "      <td>22.0</td>\n",
       "      <td>27.0</td>\n",
       "      <td>11.60</td>\n",
       "      <td>7.0</td>\n",
       "      <td>50.5</td>\n",
       "      <td>10.0</td>\n",
       "      <td>6.0</td>\n",
       "      <td>...</td>\n",
       "      <td>13.0</td>\n",
       "      <td>30.0</td>\n",
       "      <td>16.0</td>\n",
       "      <td>29.0</td>\n",
       "      <td>30.0</td>\n",
       "      <td>4.83</td>\n",
       "      <td>14.0</td>\n",
       "      <td>2015-3</td>\n",
       "      <td>barisal</td>\n",
       "      <td>0</td>\n",
       "    </tr>\n",
       "    <tr>\n",
       "      <th>3</th>\n",
       "      <td>3</td>\n",
       "      <td>barisal2015-4</td>\n",
       "      <td>33.0</td>\n",
       "      <td>26.5</td>\n",
       "      <td>29.0</td>\n",
       "      <td>12.75</td>\n",
       "      <td>7.0</td>\n",
       "      <td>67.5</td>\n",
       "      <td>10.0</td>\n",
       "      <td>6.0</td>\n",
       "      <td>...</td>\n",
       "      <td>31.5</td>\n",
       "      <td>34.0</td>\n",
       "      <td>23.0</td>\n",
       "      <td>30.0</td>\n",
       "      <td>34.0</td>\n",
       "      <td>44.09</td>\n",
       "      <td>16.0</td>\n",
       "      <td>2015-4</td>\n",
       "      <td>barisal</td>\n",
       "      <td>0</td>\n",
       "    </tr>\n",
       "    <tr>\n",
       "      <th>4</th>\n",
       "      <td>4</td>\n",
       "      <td>barisal2015-5</td>\n",
       "      <td>35.0</td>\n",
       "      <td>28.0</td>\n",
       "      <td>31.0</td>\n",
       "      <td>13.10</td>\n",
       "      <td>8.0</td>\n",
       "      <td>69.5</td>\n",
       "      <td>10.0</td>\n",
       "      <td>6.0</td>\n",
       "      <td>...</td>\n",
       "      <td>37.5</td>\n",
       "      <td>38.0</td>\n",
       "      <td>25.0</td>\n",
       "      <td>32.0</td>\n",
       "      <td>38.0</td>\n",
       "      <td>20.35</td>\n",
       "      <td>15.0</td>\n",
       "      <td>2015-5</td>\n",
       "      <td>barisal</td>\n",
       "      <td>0</td>\n",
       "    </tr>\n",
       "  </tbody>\n",
       "</table>\n",
       "<p>5 rows × 22 columns</p>\n",
       "</div>"
      ],
      "text/plain": [
       "   Unnamed: 0 locations_month  maxtempC  mintempC  avgtempC  sunHour  uvIndex  \\\n",
       "0           0   barisal2015-1      26.0      17.0      21.0     8.70      6.0   \n",
       "1           1   barisal2015-2      28.0      19.0      23.0     8.70      6.0   \n",
       "2           2   barisal2015-3      33.0      22.0      27.0    11.60      7.0   \n",
       "3           3   barisal2015-4      33.0      26.5      29.0    12.75      7.0   \n",
       "4           4   barisal2015-5      35.0      28.0      31.0    13.10      8.0   \n",
       "\n",
       "   humidity  visibility  visibilityMiles  ...  cloudcover  HeatIndexC  \\\n",
       "0      53.0        10.0              6.0  ...         1.5        24.0   \n",
       "1      55.5        10.0              6.0  ...         9.5        26.0   \n",
       "2      50.5        10.0              6.0  ...        13.0        30.0   \n",
       "3      67.5        10.0              6.0  ...        31.5        34.0   \n",
       "4      69.5        10.0              6.0  ...        37.5        38.0   \n",
       "\n",
       "   DewPointC  WindChillC  FeelsLikeC  rainFall  rainDays    date  locations  \\\n",
       "0       13.0        23.0        23.0     10.17       3.0  2015-1    barisal   \n",
       "1       14.0        25.0        26.0      2.26       3.0  2015-2    barisal   \n",
       "2       16.0        29.0        30.0      4.83      14.0  2015-3    barisal   \n",
       "3       23.0        30.0        34.0     44.09      16.0  2015-4    barisal   \n",
       "4       25.0        32.0        38.0     20.35      15.0  2015-5    barisal   \n",
       "\n",
       "  label  \n",
       "0     0  \n",
       "1     0  \n",
       "2     0  \n",
       "3     0  \n",
       "4     0  \n",
       "\n",
       "[5 rows x 22 columns]"
      ]
     },
     "execution_count": 3,
     "metadata": {},
     "output_type": "execute_result"
    }
   ],
   "source": [
    "data.head()"
   ]
  },
  {
   "cell_type": "code",
   "execution_count": 4,
   "metadata": {},
   "outputs": [
    {
     "data": {
      "text/plain": [
       "0"
      ]
     },
     "execution_count": 4,
     "metadata": {},
     "output_type": "execute_result"
    }
   ],
   "source": [
    "len(data[data.isnull().any(axis=1)])"
   ]
  },
  {
   "cell_type": "code",
   "execution_count": 5,
   "metadata": {},
   "outputs": [],
   "source": [
    "data.drop(['Unnamed: 0','locations_month','label','date'],axis=1,inplace=True)"
   ]
  },
  {
   "cell_type": "code",
   "execution_count": 6,
   "metadata": {},
   "outputs": [],
   "source": [
    "data.drop(['pressureInches','visibility'],axis=1,inplace=True)"
   ]
  },
  {
   "cell_type": "code",
   "execution_count": 7,
   "metadata": {},
   "outputs": [
    {
     "data": {
      "text/html": [
       "<div>\n",
       "<style scoped>\n",
       "    .dataframe tbody tr th:only-of-type {\n",
       "        vertical-align: middle;\n",
       "    }\n",
       "\n",
       "    .dataframe tbody tr th {\n",
       "        vertical-align: top;\n",
       "    }\n",
       "\n",
       "    .dataframe thead th {\n",
       "        text-align: right;\n",
       "    }\n",
       "</style>\n",
       "<table border=\"1\" class=\"dataframe\">\n",
       "  <thead>\n",
       "    <tr style=\"text-align: right;\">\n",
       "      <th></th>\n",
       "      <th>maxtempC</th>\n",
       "      <th>mintempC</th>\n",
       "      <th>avgtempC</th>\n",
       "      <th>sunHour</th>\n",
       "      <th>uvIndex</th>\n",
       "      <th>humidity</th>\n",
       "      <th>visibilityMiles</th>\n",
       "      <th>pressure</th>\n",
       "      <th>cloudcover</th>\n",
       "      <th>HeatIndexC</th>\n",
       "      <th>DewPointC</th>\n",
       "      <th>WindChillC</th>\n",
       "      <th>FeelsLikeC</th>\n",
       "      <th>rainFall</th>\n",
       "      <th>rainDays</th>\n",
       "      <th>locations</th>\n",
       "    </tr>\n",
       "  </thead>\n",
       "  <tbody>\n",
       "    <tr>\n",
       "      <th>0</th>\n",
       "      <td>26.0</td>\n",
       "      <td>17.0</td>\n",
       "      <td>21.0</td>\n",
       "      <td>8.70</td>\n",
       "      <td>6.0</td>\n",
       "      <td>53.0</td>\n",
       "      <td>6.0</td>\n",
       "      <td>1015.0</td>\n",
       "      <td>1.5</td>\n",
       "      <td>24.0</td>\n",
       "      <td>13.0</td>\n",
       "      <td>23.0</td>\n",
       "      <td>23.0</td>\n",
       "      <td>10.17</td>\n",
       "      <td>3.0</td>\n",
       "      <td>barisal</td>\n",
       "    </tr>\n",
       "    <tr>\n",
       "      <th>1</th>\n",
       "      <td>28.0</td>\n",
       "      <td>19.0</td>\n",
       "      <td>23.0</td>\n",
       "      <td>8.70</td>\n",
       "      <td>6.0</td>\n",
       "      <td>55.5</td>\n",
       "      <td>6.0</td>\n",
       "      <td>1013.5</td>\n",
       "      <td>9.5</td>\n",
       "      <td>26.0</td>\n",
       "      <td>14.0</td>\n",
       "      <td>25.0</td>\n",
       "      <td>26.0</td>\n",
       "      <td>2.26</td>\n",
       "      <td>3.0</td>\n",
       "      <td>barisal</td>\n",
       "    </tr>\n",
       "    <tr>\n",
       "      <th>2</th>\n",
       "      <td>33.0</td>\n",
       "      <td>22.0</td>\n",
       "      <td>27.0</td>\n",
       "      <td>11.60</td>\n",
       "      <td>7.0</td>\n",
       "      <td>50.5</td>\n",
       "      <td>6.0</td>\n",
       "      <td>1011.0</td>\n",
       "      <td>13.0</td>\n",
       "      <td>30.0</td>\n",
       "      <td>16.0</td>\n",
       "      <td>29.0</td>\n",
       "      <td>30.0</td>\n",
       "      <td>4.83</td>\n",
       "      <td>14.0</td>\n",
       "      <td>barisal</td>\n",
       "    </tr>\n",
       "    <tr>\n",
       "      <th>3</th>\n",
       "      <td>33.0</td>\n",
       "      <td>26.5</td>\n",
       "      <td>29.0</td>\n",
       "      <td>12.75</td>\n",
       "      <td>7.0</td>\n",
       "      <td>67.5</td>\n",
       "      <td>6.0</td>\n",
       "      <td>1008.0</td>\n",
       "      <td>31.5</td>\n",
       "      <td>34.0</td>\n",
       "      <td>23.0</td>\n",
       "      <td>30.0</td>\n",
       "      <td>34.0</td>\n",
       "      <td>44.09</td>\n",
       "      <td>16.0</td>\n",
       "      <td>barisal</td>\n",
       "    </tr>\n",
       "    <tr>\n",
       "      <th>4</th>\n",
       "      <td>35.0</td>\n",
       "      <td>28.0</td>\n",
       "      <td>31.0</td>\n",
       "      <td>13.10</td>\n",
       "      <td>8.0</td>\n",
       "      <td>69.5</td>\n",
       "      <td>6.0</td>\n",
       "      <td>1005.0</td>\n",
       "      <td>37.5</td>\n",
       "      <td>38.0</td>\n",
       "      <td>25.0</td>\n",
       "      <td>32.0</td>\n",
       "      <td>38.0</td>\n",
       "      <td>20.35</td>\n",
       "      <td>15.0</td>\n",
       "      <td>barisal</td>\n",
       "    </tr>\n",
       "  </tbody>\n",
       "</table>\n",
       "</div>"
      ],
      "text/plain": [
       "   maxtempC  mintempC  avgtempC  sunHour  uvIndex  humidity  visibilityMiles  \\\n",
       "0      26.0      17.0      21.0     8.70      6.0      53.0              6.0   \n",
       "1      28.0      19.0      23.0     8.70      6.0      55.5              6.0   \n",
       "2      33.0      22.0      27.0    11.60      7.0      50.5              6.0   \n",
       "3      33.0      26.5      29.0    12.75      7.0      67.5              6.0   \n",
       "4      35.0      28.0      31.0    13.10      8.0      69.5              6.0   \n",
       "\n",
       "   pressure  cloudcover  HeatIndexC  DewPointC  WindChillC  FeelsLikeC  \\\n",
       "0    1015.0         1.5        24.0       13.0        23.0        23.0   \n",
       "1    1013.5         9.5        26.0       14.0        25.0        26.0   \n",
       "2    1011.0        13.0        30.0       16.0        29.0        30.0   \n",
       "3    1008.0        31.5        34.0       23.0        30.0        34.0   \n",
       "4    1005.0        37.5        38.0       25.0        32.0        38.0   \n",
       "\n",
       "   rainFall  rainDays locations  \n",
       "0     10.17       3.0   barisal  \n",
       "1      2.26       3.0   barisal  \n",
       "2      4.83      14.0   barisal  \n",
       "3     44.09      16.0   barisal  \n",
       "4     20.35      15.0   barisal  "
      ]
     },
     "execution_count": 7,
     "metadata": {},
     "output_type": "execute_result"
    }
   ],
   "source": [
    "data.head()"
   ]
  },
  {
   "cell_type": "code",
   "execution_count": 8,
   "metadata": {},
   "outputs": [],
   "source": [
    "loc_lst = list(data['locations'].unique())\n",
    "\n",
    "i = 0\n",
    "for haha in loc_lst:\n",
    "    \n",
    "    data.loc[data.locations == haha, 'locations'] = i\n",
    "    i+=1"
   ]
  },
  {
   "cell_type": "code",
   "execution_count": 9,
   "metadata": {},
   "outputs": [],
   "source": [
    "from sklearn.decomposition import PCA\n",
    "from sklearn.preprocessing import MinMaxScaler"
   ]
  },
  {
   "cell_type": "code",
   "execution_count": 10,
   "metadata": {},
   "outputs": [
    {
     "data": {
      "text/html": [
       "<div>\n",
       "<style scoped>\n",
       "    .dataframe tbody tr th:only-of-type {\n",
       "        vertical-align: middle;\n",
       "    }\n",
       "\n",
       "    .dataframe tbody tr th {\n",
       "        vertical-align: top;\n",
       "    }\n",
       "\n",
       "    .dataframe thead th {\n",
       "        text-align: right;\n",
       "    }\n",
       "</style>\n",
       "<table border=\"1\" class=\"dataframe\">\n",
       "  <thead>\n",
       "    <tr style=\"text-align: right;\">\n",
       "      <th></th>\n",
       "      <th>maxtempC</th>\n",
       "      <th>mintempC</th>\n",
       "      <th>avgtempC</th>\n",
       "      <th>sunHour</th>\n",
       "      <th>uvIndex</th>\n",
       "      <th>humidity</th>\n",
       "      <th>visibilityMiles</th>\n",
       "      <th>pressure</th>\n",
       "      <th>cloudcover</th>\n",
       "      <th>HeatIndexC</th>\n",
       "      <th>DewPointC</th>\n",
       "      <th>WindChillC</th>\n",
       "      <th>FeelsLikeC</th>\n",
       "      <th>rainFall</th>\n",
       "      <th>rainDays</th>\n",
       "      <th>locations</th>\n",
       "    </tr>\n",
       "  </thead>\n",
       "  <tbody>\n",
       "    <tr>\n",
       "      <th>maxtempC</th>\n",
       "      <td>1.000000</td>\n",
       "      <td>0.797501</td>\n",
       "      <td>0.909098</td>\n",
       "      <td>0.774211</td>\n",
       "      <td>0.821890</td>\n",
       "      <td>0.205025</td>\n",
       "      <td>-0.164733</td>\n",
       "      <td>-0.674420</td>\n",
       "      <td>0.490268</td>\n",
       "      <td>0.808328</td>\n",
       "      <td>0.559769</td>\n",
       "      <td>0.910055</td>\n",
       "      <td>0.816631</td>\n",
       "      <td>0.268291</td>\n",
       "      <td>0.531454</td>\n",
       "      <td>0.053065</td>\n",
       "    </tr>\n",
       "    <tr>\n",
       "      <th>mintempC</th>\n",
       "      <td>0.797501</td>\n",
       "      <td>1.000000</td>\n",
       "      <td>0.954623</td>\n",
       "      <td>0.785732</td>\n",
       "      <td>0.795536</td>\n",
       "      <td>0.568866</td>\n",
       "      <td>-0.311691</td>\n",
       "      <td>-0.875864</td>\n",
       "      <td>0.745291</td>\n",
       "      <td>0.971363</td>\n",
       "      <td>0.855579</td>\n",
       "      <td>0.930556</td>\n",
       "      <td>0.972693</td>\n",
       "      <td>0.444601</td>\n",
       "      <td>0.724013</td>\n",
       "      <td>-0.098490</td>\n",
       "    </tr>\n",
       "    <tr>\n",
       "      <th>avgtempC</th>\n",
       "      <td>0.909098</td>\n",
       "      <td>0.954623</td>\n",
       "      <td>1.000000</td>\n",
       "      <td>0.778998</td>\n",
       "      <td>0.838613</td>\n",
       "      <td>0.402897</td>\n",
       "      <td>-0.246397</td>\n",
       "      <td>-0.811171</td>\n",
       "      <td>0.673871</td>\n",
       "      <td>0.929708</td>\n",
       "      <td>0.738929</td>\n",
       "      <td>0.954945</td>\n",
       "      <td>0.934225</td>\n",
       "      <td>0.424528</td>\n",
       "      <td>0.669351</td>\n",
       "      <td>-0.045289</td>\n",
       "    </tr>\n",
       "    <tr>\n",
       "      <th>sunHour</th>\n",
       "      <td>0.774211</td>\n",
       "      <td>0.785732</td>\n",
       "      <td>0.778998</td>\n",
       "      <td>1.000000</td>\n",
       "      <td>0.729958</td>\n",
       "      <td>0.411355</td>\n",
       "      <td>-0.232959</td>\n",
       "      <td>-0.736360</td>\n",
       "      <td>0.511181</td>\n",
       "      <td>0.793423</td>\n",
       "      <td>0.656132</td>\n",
       "      <td>0.791034</td>\n",
       "      <td>0.796918</td>\n",
       "      <td>0.176593</td>\n",
       "      <td>0.613974</td>\n",
       "      <td>-0.026310</td>\n",
       "    </tr>\n",
       "    <tr>\n",
       "      <th>uvIndex</th>\n",
       "      <td>0.821890</td>\n",
       "      <td>0.795536</td>\n",
       "      <td>0.838613</td>\n",
       "      <td>0.729958</td>\n",
       "      <td>1.000000</td>\n",
       "      <td>0.213123</td>\n",
       "      <td>-0.026906</td>\n",
       "      <td>-0.609243</td>\n",
       "      <td>0.367579</td>\n",
       "      <td>0.780755</td>\n",
       "      <td>0.567798</td>\n",
       "      <td>0.853297</td>\n",
       "      <td>0.783358</td>\n",
       "      <td>0.159381</td>\n",
       "      <td>0.465248</td>\n",
       "      <td>-0.064029</td>\n",
       "    </tr>\n",
       "    <tr>\n",
       "      <th>humidity</th>\n",
       "      <td>0.205025</td>\n",
       "      <td>0.568866</td>\n",
       "      <td>0.402897</td>\n",
       "      <td>0.411355</td>\n",
       "      <td>0.213123</td>\n",
       "      <td>1.000000</td>\n",
       "      <td>-0.592411</td>\n",
       "      <td>-0.636538</td>\n",
       "      <td>0.740321</td>\n",
       "      <td>0.600097</td>\n",
       "      <td>0.886743</td>\n",
       "      <td>0.365065</td>\n",
       "      <td>0.593601</td>\n",
       "      <td>0.477358</td>\n",
       "      <td>0.634772</td>\n",
       "      <td>-0.104425</td>\n",
       "    </tr>\n",
       "    <tr>\n",
       "      <th>visibilityMiles</th>\n",
       "      <td>-0.164733</td>\n",
       "      <td>-0.311691</td>\n",
       "      <td>-0.246397</td>\n",
       "      <td>-0.232959</td>\n",
       "      <td>-0.026906</td>\n",
       "      <td>-0.592411</td>\n",
       "      <td>1.000000</td>\n",
       "      <td>0.451349</td>\n",
       "      <td>-0.658623</td>\n",
       "      <td>-0.317739</td>\n",
       "      <td>-0.464525</td>\n",
       "      <td>-0.169855</td>\n",
       "      <td>-0.316769</td>\n",
       "      <td>-0.572457</td>\n",
       "      <td>-0.545801</td>\n",
       "      <td>-0.019238</td>\n",
       "    </tr>\n",
       "    <tr>\n",
       "      <th>pressure</th>\n",
       "      <td>-0.674420</td>\n",
       "      <td>-0.875864</td>\n",
       "      <td>-0.811171</td>\n",
       "      <td>-0.736360</td>\n",
       "      <td>-0.609243</td>\n",
       "      <td>-0.636538</td>\n",
       "      <td>0.451349</td>\n",
       "      <td>1.000000</td>\n",
       "      <td>-0.832867</td>\n",
       "      <td>-0.902136</td>\n",
       "      <td>-0.824570</td>\n",
       "      <td>-0.792339</td>\n",
       "      <td>-0.900993</td>\n",
       "      <td>-0.502659</td>\n",
       "      <td>-0.762050</td>\n",
       "      <td>-0.013927</td>\n",
       "    </tr>\n",
       "    <tr>\n",
       "      <th>cloudcover</th>\n",
       "      <td>0.490268</td>\n",
       "      <td>0.745291</td>\n",
       "      <td>0.673871</td>\n",
       "      <td>0.511181</td>\n",
       "      <td>0.367579</td>\n",
       "      <td>0.740321</td>\n",
       "      <td>-0.658623</td>\n",
       "      <td>-0.832867</td>\n",
       "      <td>1.000000</td>\n",
       "      <td>0.735995</td>\n",
       "      <td>0.781837</td>\n",
       "      <td>0.575432</td>\n",
       "      <td>0.734762</td>\n",
       "      <td>0.703806</td>\n",
       "      <td>0.785223</td>\n",
       "      <td>0.004089</td>\n",
       "    </tr>\n",
       "    <tr>\n",
       "      <th>HeatIndexC</th>\n",
       "      <td>0.808328</td>\n",
       "      <td>0.971363</td>\n",
       "      <td>0.929708</td>\n",
       "      <td>0.793423</td>\n",
       "      <td>0.780755</td>\n",
       "      <td>0.600097</td>\n",
       "      <td>-0.317739</td>\n",
       "      <td>-0.902136</td>\n",
       "      <td>0.735995</td>\n",
       "      <td>1.000000</td>\n",
       "      <td>0.883386</td>\n",
       "      <td>0.941055</td>\n",
       "      <td>0.998681</td>\n",
       "      <td>0.425756</td>\n",
       "      <td>0.718329</td>\n",
       "      <td>-0.070189</td>\n",
       "    </tr>\n",
       "    <tr>\n",
       "      <th>DewPointC</th>\n",
       "      <td>0.559769</td>\n",
       "      <td>0.855579</td>\n",
       "      <td>0.738929</td>\n",
       "      <td>0.656132</td>\n",
       "      <td>0.567798</td>\n",
       "      <td>0.886743</td>\n",
       "      <td>-0.464525</td>\n",
       "      <td>-0.824570</td>\n",
       "      <td>0.781837</td>\n",
       "      <td>0.883386</td>\n",
       "      <td>1.000000</td>\n",
       "      <td>0.735085</td>\n",
       "      <td>0.878979</td>\n",
       "      <td>0.478025</td>\n",
       "      <td>0.726421</td>\n",
       "      <td>-0.115218</td>\n",
       "    </tr>\n",
       "    <tr>\n",
       "      <th>WindChillC</th>\n",
       "      <td>0.910055</td>\n",
       "      <td>0.930556</td>\n",
       "      <td>0.954945</td>\n",
       "      <td>0.791034</td>\n",
       "      <td>0.853297</td>\n",
       "      <td>0.365065</td>\n",
       "      <td>-0.169855</td>\n",
       "      <td>-0.792339</td>\n",
       "      <td>0.575432</td>\n",
       "      <td>0.941055</td>\n",
       "      <td>0.735085</td>\n",
       "      <td>1.000000</td>\n",
       "      <td>0.943990</td>\n",
       "      <td>0.321094</td>\n",
       "      <td>0.609429</td>\n",
       "      <td>-0.058709</td>\n",
       "    </tr>\n",
       "    <tr>\n",
       "      <th>FeelsLikeC</th>\n",
       "      <td>0.816631</td>\n",
       "      <td>0.972693</td>\n",
       "      <td>0.934225</td>\n",
       "      <td>0.796918</td>\n",
       "      <td>0.783358</td>\n",
       "      <td>0.593601</td>\n",
       "      <td>-0.316769</td>\n",
       "      <td>-0.900993</td>\n",
       "      <td>0.734762</td>\n",
       "      <td>0.998681</td>\n",
       "      <td>0.878979</td>\n",
       "      <td>0.943990</td>\n",
       "      <td>1.000000</td>\n",
       "      <td>0.424928</td>\n",
       "      <td>0.718602</td>\n",
       "      <td>-0.067404</td>\n",
       "    </tr>\n",
       "    <tr>\n",
       "      <th>rainFall</th>\n",
       "      <td>0.268291</td>\n",
       "      <td>0.444601</td>\n",
       "      <td>0.424528</td>\n",
       "      <td>0.176593</td>\n",
       "      <td>0.159381</td>\n",
       "      <td>0.477358</td>\n",
       "      <td>-0.572457</td>\n",
       "      <td>-0.502659</td>\n",
       "      <td>0.703806</td>\n",
       "      <td>0.425756</td>\n",
       "      <td>0.478025</td>\n",
       "      <td>0.321094</td>\n",
       "      <td>0.424928</td>\n",
       "      <td>1.000000</td>\n",
       "      <td>0.588604</td>\n",
       "      <td>0.067671</td>\n",
       "    </tr>\n",
       "    <tr>\n",
       "      <th>rainDays</th>\n",
       "      <td>0.531454</td>\n",
       "      <td>0.724013</td>\n",
       "      <td>0.669351</td>\n",
       "      <td>0.613974</td>\n",
       "      <td>0.465248</td>\n",
       "      <td>0.634772</td>\n",
       "      <td>-0.545801</td>\n",
       "      <td>-0.762050</td>\n",
       "      <td>0.785223</td>\n",
       "      <td>0.718329</td>\n",
       "      <td>0.726421</td>\n",
       "      <td>0.609429</td>\n",
       "      <td>0.718602</td>\n",
       "      <td>0.588604</td>\n",
       "      <td>1.000000</td>\n",
       "      <td>0.028187</td>\n",
       "    </tr>\n",
       "    <tr>\n",
       "      <th>locations</th>\n",
       "      <td>0.053065</td>\n",
       "      <td>-0.098490</td>\n",
       "      <td>-0.045289</td>\n",
       "      <td>-0.026310</td>\n",
       "      <td>-0.064029</td>\n",
       "      <td>-0.104425</td>\n",
       "      <td>-0.019238</td>\n",
       "      <td>-0.013927</td>\n",
       "      <td>0.004089</td>\n",
       "      <td>-0.070189</td>\n",
       "      <td>-0.115218</td>\n",
       "      <td>-0.058709</td>\n",
       "      <td>-0.067404</td>\n",
       "      <td>0.067671</td>\n",
       "      <td>0.028187</td>\n",
       "      <td>1.000000</td>\n",
       "    </tr>\n",
       "  </tbody>\n",
       "</table>\n",
       "</div>"
      ],
      "text/plain": [
       "                 maxtempC  mintempC  avgtempC   sunHour   uvIndex  humidity  \\\n",
       "maxtempC         1.000000  0.797501  0.909098  0.774211  0.821890  0.205025   \n",
       "mintempC         0.797501  1.000000  0.954623  0.785732  0.795536  0.568866   \n",
       "avgtempC         0.909098  0.954623  1.000000  0.778998  0.838613  0.402897   \n",
       "sunHour          0.774211  0.785732  0.778998  1.000000  0.729958  0.411355   \n",
       "uvIndex          0.821890  0.795536  0.838613  0.729958  1.000000  0.213123   \n",
       "humidity         0.205025  0.568866  0.402897  0.411355  0.213123  1.000000   \n",
       "visibilityMiles -0.164733 -0.311691 -0.246397 -0.232959 -0.026906 -0.592411   \n",
       "pressure        -0.674420 -0.875864 -0.811171 -0.736360 -0.609243 -0.636538   \n",
       "cloudcover       0.490268  0.745291  0.673871  0.511181  0.367579  0.740321   \n",
       "HeatIndexC       0.808328  0.971363  0.929708  0.793423  0.780755  0.600097   \n",
       "DewPointC        0.559769  0.855579  0.738929  0.656132  0.567798  0.886743   \n",
       "WindChillC       0.910055  0.930556  0.954945  0.791034  0.853297  0.365065   \n",
       "FeelsLikeC       0.816631  0.972693  0.934225  0.796918  0.783358  0.593601   \n",
       "rainFall         0.268291  0.444601  0.424528  0.176593  0.159381  0.477358   \n",
       "rainDays         0.531454  0.724013  0.669351  0.613974  0.465248  0.634772   \n",
       "locations        0.053065 -0.098490 -0.045289 -0.026310 -0.064029 -0.104425   \n",
       "\n",
       "                 visibilityMiles  pressure  cloudcover  HeatIndexC  DewPointC  \\\n",
       "maxtempC               -0.164733 -0.674420    0.490268    0.808328   0.559769   \n",
       "mintempC               -0.311691 -0.875864    0.745291    0.971363   0.855579   \n",
       "avgtempC               -0.246397 -0.811171    0.673871    0.929708   0.738929   \n",
       "sunHour                -0.232959 -0.736360    0.511181    0.793423   0.656132   \n",
       "uvIndex                -0.026906 -0.609243    0.367579    0.780755   0.567798   \n",
       "humidity               -0.592411 -0.636538    0.740321    0.600097   0.886743   \n",
       "visibilityMiles         1.000000  0.451349   -0.658623   -0.317739  -0.464525   \n",
       "pressure                0.451349  1.000000   -0.832867   -0.902136  -0.824570   \n",
       "cloudcover             -0.658623 -0.832867    1.000000    0.735995   0.781837   \n",
       "HeatIndexC             -0.317739 -0.902136    0.735995    1.000000   0.883386   \n",
       "DewPointC              -0.464525 -0.824570    0.781837    0.883386   1.000000   \n",
       "WindChillC             -0.169855 -0.792339    0.575432    0.941055   0.735085   \n",
       "FeelsLikeC             -0.316769 -0.900993    0.734762    0.998681   0.878979   \n",
       "rainFall               -0.572457 -0.502659    0.703806    0.425756   0.478025   \n",
       "rainDays               -0.545801 -0.762050    0.785223    0.718329   0.726421   \n",
       "locations              -0.019238 -0.013927    0.004089   -0.070189  -0.115218   \n",
       "\n",
       "                 WindChillC  FeelsLikeC  rainFall  rainDays  locations  \n",
       "maxtempC           0.910055    0.816631  0.268291  0.531454   0.053065  \n",
       "mintempC           0.930556    0.972693  0.444601  0.724013  -0.098490  \n",
       "avgtempC           0.954945    0.934225  0.424528  0.669351  -0.045289  \n",
       "sunHour            0.791034    0.796918  0.176593  0.613974  -0.026310  \n",
       "uvIndex            0.853297    0.783358  0.159381  0.465248  -0.064029  \n",
       "humidity           0.365065    0.593601  0.477358  0.634772  -0.104425  \n",
       "visibilityMiles   -0.169855   -0.316769 -0.572457 -0.545801  -0.019238  \n",
       "pressure          -0.792339   -0.900993 -0.502659 -0.762050  -0.013927  \n",
       "cloudcover         0.575432    0.734762  0.703806  0.785223   0.004089  \n",
       "HeatIndexC         0.941055    0.998681  0.425756  0.718329  -0.070189  \n",
       "DewPointC          0.735085    0.878979  0.478025  0.726421  -0.115218  \n",
       "WindChillC         1.000000    0.943990  0.321094  0.609429  -0.058709  \n",
       "FeelsLikeC         0.943990    1.000000  0.424928  0.718602  -0.067404  \n",
       "rainFall           0.321094    0.424928  1.000000  0.588604   0.067671  \n",
       "rainDays           0.609429    0.718602  0.588604  1.000000   0.028187  \n",
       "locations         -0.058709   -0.067404  0.067671  0.028187   1.000000  "
      ]
     },
     "execution_count": 10,
     "metadata": {},
     "output_type": "execute_result"
    }
   ],
   "source": [
    "data.corr()"
   ]
  },
  {
   "cell_type": "code",
   "execution_count": 11,
   "metadata": {},
   "outputs": [],
   "source": [
    "import matplotlib.pyplot as plt"
   ]
  },
  {
   "cell_type": "code",
   "execution_count": null,
   "metadata": {},
   "outputs": [],
   "source": []
  },
  {
   "cell_type": "code",
   "execution_count": 12,
   "metadata": {},
   "outputs": [],
   "source": [
    "scaler = MinMaxScaler(feature_range=[0, 1])\n",
    "data_rescaled = scaler.fit_transform(data)"
   ]
  },
  {
   "cell_type": "code",
   "execution_count": 13,
   "metadata": {},
   "outputs": [
    {
     "data": {
